,State,planted,abandonment,yield
0,TENNESSEE,281381.5827546992,0.03909165268679171,1118.2000000000044
1,VIRGINIA,81381.60848184985,0.012020911080515409,1204.666666666686
2,GEORGIA,1177376.779926955,0.0142532364394099,922.3333333333348
3,ARKANSAS,509728.42858052964,0.012196973774465436,1330.7333333333372
4,US TOTAL,11255089.529464072,0.3564981481293259,907.333333333343
5,MISSOURI,326150.5341079681,0.022037921435941854,1360.0666666666802
6,FLORIDA,95725.30901403903,0.03352669095227023,595.933333333327
7,TEXAS,6245663.811600003,0.5936345061779775,653.7333333333318
8,OKLAHOMA,456659.0453819956,0.5875340002342426,571.666666666657
9,ALABAMA,402779.14049176127,0.008535461738002237,854.0666666666657
10,LOUISIANA,150418.65880650363,0.04226089335059813,1016.0666666666766
11,MISSISSIPPI,482218.5350667257,0.009837215810069244,1095.333333333336
12,SOUTH CAROLINA,215253.09598312626,0.005383467144634224,999.6666666666861
13,NORTH CAROLINA,371410.34292705375,0.01918622676079984,1045.3333333333576
14,KANSAS,113966.596517089,0.11002486583807247,642.5999999999913
15,NEW MEXICO,56668.38469129117,0.4356313197234627,762.599999999984
16,CALIFORNIA,165290.1950713602,0.014493214558341405,1962.2666666666628
17,ARIZONA,123017.4800611194,0.012431434545296549,1266.0666666666584
